number_of_primers = 4000
primer_len = 25
+------------+--------+-----------+-------------+-------------+
| max        | tail   | total     | actual      | expected    |
| mismatches | length | entries   | hit         | hit         |
|            |        | in        | probability | probability |
|            |        | hashtable |             |             |
+------------+--------+-----------+-------------+-------------+
| 0          | 5      | 4000      | 0.037117    | 0.020508    |
+------------+--------+-----------+-------------+-------------+
| 1          | 5      | 52000     | 0.391049    |
+------------+--------+-----------+-------------+-------------+
| 2          | 5      | 268000    | 0.928430    |
+------------+--------+-----------+-------------+-------------+
| 3          | 5      | 700000    | 0.999307    |
+------------+--------+-----------+-------------+-------------+
| 4          | 5      | 1024000   | 0.999987    |
+------------+--------+-----------+-------------+-------------+
| 0          | 6      | 4000      | 0.008926    | 0.004883    |
+------------+--------+-----------+-------------+-------------+
| 1          | 6      | 64000     | 0.133882    |
+------------+--------+-----------+-------------+-------------+
| 2          | 6      | 424000    | 0.619834    |
+------------+--------+-----------+-------------+-------------+
| 3          | 6      | 1504000   | 0.971487    |
+------------+--------+-----------+-------------+-------------+
| 4          | 6      | 3124000   | 0.999578    |
+------------+--------+-----------+-------------+-------------+
| 0          | 7      | 4000      | 0.002100    | 0.001160    |
+------------+--------+-----------+-------------+-------------+
| 1          | 7      | 76000     | 0.039510    |
+------------+--------+-----------+-------------+-------------+
| 2          | 7      | 616000    | 0.279867    |
+------------+--------+-----------+-------------+-------------+
| 3          | 7      | 2776000   | 0.778962    |
+------------+--------+-----------+-------------+-------------+
| 4          | 7      | 7636000   | 0.986646    |
+------------+--------+-----------+-------------+-------------+
| 0          | 8      | 4000      | 0.000488    | 0.000275    |
+------------+--------+-----------+-------------+-------------+
| 1          | 8      | 88000     | 0.010942    |
+------------+--------+-----------+-------------+-------------+
| 2          | 8      | 844000    | 0.100147    |
+------------+--------+-----------+-------------+-------------+
| 3          | 8      | 4624000   | 0.441738    |
+------------+--------+-----------+-------------+-------------+
| 4          | 8      | 15964000  | 0.872912    |
+------------+--------+-----------+-------------+-------------+
| 0          | 9      | 4000      | 0.000119    | 0.000065    |
+------------+--------+-----------+-------------+-------------+
| 1          | 9      | 100000    | 0.002934    |
+------------+--------+-----------+-------------+-------------+
| 2          | 9      | 1108000   | 0.031993    |
+------------+--------+-----------+-------------+-------------+
| 3          | 9      | 7156000   | 0.189587    |
+------------+--------+-----------+-------------+-------------+
| 4          | 9      | 29836000  | 0.588332    |
+------------+--------+-----------+-------------+-------------+
| 0          | 10     | 4000      | 0.000029    | 0.000015    |
+------------+--------+-----------+-------------+-------------+
| 1          | 10     | 112000    | 0.000761    |
+------------+--------+-----------+-------------+-------------+
| 2          | 10     | 1408000   | 0.009600    |
+------------+--------+-----------+-------------+-------------+
| 3          | 10     | 10480000  | 0.069256    |
+------------+--------+-----------+-------------+-------------+
| 4          | 10     | 51304000  | 0.297405    |
+------------+--------+-----------+-------------+-------------+
| 0          | 11     | 4000      | 0.000007    | 0.000004    |
+------------+--------+-----------+-------------+-------------+
| 1          | 11     | 124000    | 0.000198    |
+------------+--------+-----------+-------------+-------------+
| 2          | 11     | 1744000   | 0.002755    |
+------------+--------+-----------+-------------+-------------+
| 3          | 11     | 14704000  | 0.023125    |
+------------+--------+-----------+-------------+-------------+
| 4          | 11     | 82744000  | 0.123381    |
+------------+--------+-----------+-------------+-------------+
| 0          | 12     | 4000      | 0.000002    | 0.000001    |
+------------+--------+-----------+-------------+-------------+
| 1          | 12     | 136000    | 0.000051    |
+------------+--------+-----------+-------------+-------------+
| 2          | 12     | 2116000   | 0.000779    |
+------------+--------+-----------+-------------+-------------+
| 3          | 12     | 19936000  | 0.007287    |
+------------+--------+-----------+-------------+-------------+
| 4          | 12     | 126856000 | 0.045524    |
+------------+--------+-----------+-------------+-------------+
